#tensor_id  size_B  birth_kid  death_kid  hidden_interval_num  (start_kid,end_kid,duration_us) ...
0 137322496 0 833 1 (1,832,199755)
1 363741184 0 831 1 (2,830,198633)
3 4096 831 -1 0
4 137322496 832 -1 0
5 363741184 1 829 1 (4,827,196936)
6 363741184 830 833 0
8 4096 829 -1 0
9 4096 1 -1 0
10 4096 1 -1 0
11 363741184 1 831 1 (2,829,198125)
12 4096 1 831 1 (2,829,198125)
13 4096 829 -1 0
14 4096 -1 -1 0
15 363741184 829 831 0
16 4096 829 831 0
19 363741184 828 831 0
20 354041856 3 826 1 (5,825,195739)
22 36864 826 -1 0
23 363741184 827 829 0
24 354041856 4 824 1 (7,822,194336)
25 354041856 825 828 0
27 4096 824 -1 0
28 4096 4 -1 0
29 4096 4 -1 0
30 354041856 4 826 1 (5,824,195339)
31 4096 4 826 1 (5,824,195339)
32 4096 824 -1 0
33 4096 -1 -1 0
34 354041856 824 826 0
35 4096 824 826 0
38 354041856 823 826 0
39 708083712 6 821 1 (8,820,191559)
41 73728 821 -1 0
42 354041856 822 824 0
43 708083712 7 819 1 (10,817,187689)
44 708083712 820 823 0
46 4096 819 -1 0
47 4096 7 -1 0
48 4096 7 -1 0
49 708083712 7 821 1 (8,819,190672)
50 4096 7 821 1 (8,819,190672)
51 4096 819 -1 0
52 4096 -1 -1 0
53 708083712 819 821 0
54 4096 819 821 0
57 708083712 818 821 0
58 174620672 9 817 1 (11,816,187450)
59 708083712 817 819 0
60 218275840 10 815 1 (12,814,186859)
62 20480 815 -1 0
63 174620672 816 818 0
64 218275840 11 813 1 (14,811,185409)
65 218275840 814 817 0
67 4096 813 -1 0
68 4096 11 -1 0
69 4096 11 -1 0
70 218275840 11 815 1 (12,813,186701)
71 4096 11 815 1 (12,813,186701)
72 4096 813 -1 0
73 4096 -1 -1 0
74 218275840 813 815 0
75 4096 813 815 0
78 218275840 812 815 0
79 495550464 13 810 1 (15,809,184103)
81 552960 810 -1 0
82 218275840 811 813 0
83 495550464 14 808 1 (17,806,181388)
84 495550464 809 812 0
86 4096 808 -1 0
87 4096 14 -1 0
88 4096 14 -1 0
89 495550464 14 810 1 (15,808,183321)
90 4096 14 810 1 (15,808,183321)
91 4096 808 -1 0
92 4096 -1 -1 0
93 495550464 808 810 0
94 4096 808 810 0
97 495550464 807 810 0
98 120422400 16 805 6 (18,20,162.603) (21,26,508.072) (27,35,1140.66) (36,789,177027) (790,799,1104.48) (800,804,395.309)
99 495550464 806 808 0
100 40140800 17 803 1 (19,802,180776)
102 49152 803 -1 0
103 120422400 804 807 0
104 40140800 18 801 2 (20,39,2687.32) (40,800,177899)
105 40140800 802 805 0
107 4096 801 -1 0
108 4096 18 -1 0
109 4096 18 -1 0
110 40140800 18 803 1 (19,801,180700)
111 4096 18 803 1 (19,801,180700)
112 4096 801 -1 0
113 4096 -1 -1 0
114 40140800 801 803 0
115 4096 801 803 0
118 40140800 800 803 0
119 30105600 20 798 1 (22,797,180091)
121 36864 798 -1 0
122 120422400 799 806 1 (800,805,456.891)
123 30105600 21 796 1 (24,794,179650)
124 30105600 797 800 0
126 4096 796 -1 0
127 4096 21 -1 0
128 4096 21 -1 0
129 30105600 21 798 1 (22,796,180027)
130 4096 21 798 1 (22,796,180027)
131 4096 796 -1 0
132 4096 -1 -1 0
133 30105600 796 798 0
134 4096 796 798 0
137 30105600 795 798 0
138 40140800 23 793 1 (25,792,179048)
140 307200 793 -1 0
141 30105600 794 796 0
142 40140800 24 791 2 (26,39,2038.74) (40,790,176734)
143 40140800 792 795 0
145 4096 791 -1 0
146 4096 24 -1 0
147 4096 24 -1 0
148 40140800 24 793 1 (25,791,178911)
149 4096 24 793 1 (25,791,178911)
150 4096 791 -1 0
151 4096 -1 -1 0
152 40140800 791 793 0
153 4096 791 793 0
156 40140800 790 793 0
157 40140800 26 788 1 (28,787,178016)
159 49152 788 -1 0
160 120422400 789 806 1 (790,805,1622.21)
161 40140800 27 786 1 (30,784,177395)
162 40140800 787 790 0
164 4096 786 -1 0
165 4096 27 -1 0
166 4096 27 -1 0
167 40140800 27 788 1 (28,786,177834)
168 4096 27 788 1 (28,786,177834)
169 4096 786 -1 0
170 4096 -1 -1 0
171 40140800 786 788 0
172 4096 786 788 0
175 40140800 785 788 0
176 60211200 29 783 1 (31,782,176937)
178 221184 783 -1 0
179 40140800 784 786 0
180 60211200 30 781 1 (33,779,176396)
181 60211200 782 785 0
183 4096 781 -1 0
184 4096 30 -1 0
185 4096 30 -1 0
186 60211200 30 783 1 (31,781,176838)
187 4096 30 783 1 (31,781,176838)
188 4096 781 -1 0
189 4096 -1 -1 0
190 60211200 781 783 0
191 4096 781 783 0
194 60211200 780 783 0
195 60211200 32 778 1 (34,777,175688)
197 331776 778 -1 0
198 60211200 779 781 0
199 60211200 33 776 2 (35,39,701.634) (40,775,174740)
200 60211200 777 780 0
202 4096 776 -1 0
203 4096 33 -1 0
204 4096 33 -1 0
205 60211200 33 778 1 (34,776,175591)
206 4096 33 778 1 (34,776,175591)
207 4096 776 -1 0
208 4096 -1 -1 0
209 60211200 776 778 0
210 4096 776 778 0
213 60211200 775 778 0
214 120422400 35 774 1 (37,773,174144)
215 120422400 774 806 1 (775,805,3616.32)
216 20070400 36 772 1 (38,771,173782)
218 24576 772 -1 0
219 120422400 773 775 0
220 20070400 37 770 1 (40,769,173612)
221 20070400 771 774 0
223 4096 770 -1 0
224 4096 37 -1 0
225 4096 37 -1 0
226 20070400 37 772 1 (38,770,173726)
227 4096 37 772 1 (38,770,173726)
228 4096 770 -1 0
229 4096 -1 -1 0
230 20070400 770 772 0
231 4096 770 772 0
234 20070400 769 772 0
235 40140800 768 801 1 (769,800,4287.47)
236 40140800 768 791 1 (769,790,3122.14)
237 60211200 768 776 1 (769,775,1128.04)
238 20070400 768 770 0
239 160563200 39 767 6 (41,43,107.323) (44,49,515.151) (50,58,718.816) (59,751,169690) (752,761,1179.24) (762,766,352.246)
240 40140800 40 765 1 (42,764,172994)
242 65536 765 -1 0
243 160563200 766 769 0
244 40140800 41 763 2 (43,62,1951.72) (63,762,170875)
245 40140800 764 767 0
247 4096 763 -1 0
248 4096 41 -1 0
249 4096 41 -1 0
250 40140800 41 765 1 (42,763,172920)
251 4096 41 765 1 (42,763,172920)
252 4096 763 -1 0
253 4096 -1 -1 0
254 40140800 763 765 0
255 4096 763 765 0
258 40140800 762 765 0
259 30105600 43 760 1 (45,759,172225)
261 49152 760 -1 0
262 160563200 761 768 1 (762,767,426.948)
263 30105600 44 758 1 (47,756,171746)
264 30105600 759 762 0
266 4096 758 -1 0
267 4096 44 -1 0
268 4096 44 -1 0
269 30105600 44 760 1 (45,758,172155)
270 4096 44 760 1 (45,758,172155)
271 4096 758 -1 0
272 4096 -1 -1 0
273 30105600 758 760 0
274 4096 758 760 0
277 30105600 757 760 0
278 40140800 46 755 1 (48,754,171165)
280 307200 755 -1 0
281 30105600 756 758 0
282 40140800 47 753 2 (49,62,1316.55) (63,752,169620)
283 40140800 754 757 0
285 4096 753 -1 0
286 4096 47 -1 0
287 4096 47 -1 0
288 40140800 47 755 1 (48,753,171059)
289 4096 47 755 1 (48,753,171059)
290 4096 753 -1 0
291 4096 -1 -1 0
292 40140800 753 755 0
293 4096 753 755 0
296 40140800 752 755 0
297 40140800 49 750 1 (51,749,170186)
299 65536 750 -1 0
300 160563200 751 768 1 (752,767,1681.27)
301 40140800 50 748 1 (53,746,169779)
302 40140800 749 752 0
304 4096 748 -1 0
305 4096 50 -1 0
306 4096 50 -1 0
307 40140800 50 750 1 (51,748,170071)
308 4096 50 750 1 (51,748,170071)
309 4096 748 -1 0
310 4096 -1 -1 0
311 40140800 748 750 0
312 4096 748 750 0
315 40140800 747 750 0
316 60211200 52 745 1 (54,744,169287)
318 221184 745 -1 0
319 40140800 746 748 0
320 60211200 53 743 1 (56,741,168943)
321 60211200 744 747 0
323 4096 743 -1 0
324 4096 53 -1 0
325 4096 53 -1 0
326 60211200 53 745 1 (54,743,169187)
327 4096 53 745 1 (54,743,169187)
328 4096 743 -1 0
329 4096 -1 -1 0
330 60211200 743 745 0
331 4096 743 745 0
334 60211200 742 745 0
335 60211200 55 740 1 (57,739,168507)
337 331776 740 -1 0
338 60211200 741 743 0
339 60211200 56 738 2 (58,62,412.349) (63,737,167928)
340 60211200 739 742 0
342 4096 738 -1 0
343 4096 56 -1 0
344 4096 56 -1 0
345 60211200 56 740 1 (57,738,168408)
346 4096 56 740 1 (57,738,168408)
347 4096 738 -1 0
348 4096 -1 -1 0
349 60211200 738 740 0
350 4096 738 740 0
353 60211200 737 740 0
354 160563200 58 736 1 (60,735,167370)
355 160563200 736 768 1 (737,767,3373.98)
356 40140800 59 734 1 (61,733,166940)
358 65536 734 -1 0
359 160563200 735 737 0
360 40140800 60 732 1 (63,731,166774)
361 40140800 733 736 0
363 4096 732 -1 0
364 4096 60 -1 0
365 4096 60 -1 0
366 40140800 60 734 1 (61,732,166827)
367 4096 60 734 1 (61,732,166827)
368 4096 732 -1 0
369 4096 -1 -1 0
370 40140800 732 734 0
371 4096 732 734 0
374 40140800 731 734 0
375 40140800 730 763 1 (731,762,4100.82)
376 40140800 730 753 1 (731,752,2846.5)
377 60211200 730 738 1 (731,737,1153.78)
378 40140800 730 732 0
379 180633600 62 729 6 (64,66,96.243) (67,72,294.825) (73,81,544.111) (82,713,163295) (714,723,1185.1) (724,728,413.849)
380 40140800 63 727 1 (65,726,166131)
382 73728 727 -1 0
383 180633600 728 731 0
384 40140800 64 725 2 (66,85,1506.51) (86,724,164431)
385 40140800 726 729 0
387 4096 725 -1 0
388 4096 64 -1 0
389 4096 64 -1 0
390 40140800 64 727 1 (65,725,166023)
391 4096 64 727 1 (65,725,166023)
392 4096 725 -1 0
393 4096 -1 -1 0
394 40140800 725 727 0
395 4096 725 727 0
398 40140800 724 727 0
399 30105600 66 722 1 (68,721,165330)
401 57344 722 -1 0
402 180633600 723 730 1 (724,729,562.992)
403 30105600 67 720 1 (70,718,164961)
404 30105600 721 724 0
406 4096 720 -1 0
407 4096 67 -1 0
408 4096 67 -1 0
409 30105600 67 722 1 (68,720,165268)
410 4096 67 722 1 (68,720,165268)
411 4096 720 -1 0
412 4096 -1 -1 0
413 30105600 720 722 0
414 4096 720 722 0
417 30105600 719 722 0
418 40140800 69 717 1 (71,716,164528)
420 307200 717 -1 0
421 30105600 718 720 0
422 40140800 70 715 2 (72,85,1103.52) (86,714,163155)
423 40140800 716 719 0
425 4096 715 -1 0
426 4096 70 -1 0
427 4096 70 -1 0
428 40140800 70 717 1 (71,715,164385)
429 4096 70 717 1 (71,715,164385)
430 4096 715 -1 0
431 4096 -1 -1 0
432 40140800 715 717 0
433 4096 715 717 0
436 40140800 714 717 0
437 40140800 72 712 1 (74,711,163587)
439 73728 712 -1 0
440 180633600 713 730 1 (714,729,1838.61)
441 40140800 73 710 1 (76,708,163282)
442 40140800 711 714 0
444 4096 710 -1 0
445 4096 73 -1 0
446 4096 73 -1 0
447 40140800 73 712 1 (74,710,163513)
448 4096 73 712 1 (74,710,163513)
449 4096 710 -1 0
450 4096 -1 -1 0
451 40140800 710 712 0
452 4096 710 712 0
455 40140800 709 712 0
456 60211200 75 707 1 (77,706,162895)
458 221184 707 -1 0
459 40140800 708 710 0
460 60211200 76 705 1 (79,703,162541)
461 60211200 706 709 0
463 4096 705 -1 0
464 4096 76 -1 0
465 4096 76 -1 0
466 60211200 76 707 1 (77,705,162792)
467 4096 76 707 1 (77,705,162792)
468 4096 705 -1 0
469 4096 -1 -1 0
470 60211200 705 707 0
471 4096 705 707 0
474 60211200 704 707 0
475 60211200 78 702 1 (80,701,162048)
477 331776 702 -1 0
478 60211200 703 705 0
479 60211200 79 700 2 (81,85,454.849) (86,699,161350)
480 60211200 701 704 0
482 4096 700 -1 0
483 4096 79 -1 0
484 4096 79 -1 0
485 60211200 79 702 1 (80,700,161873)
486 4096 79 702 1 (80,700,161873)
487 4096 700 -1 0
488 4096 -1 -1 0
489 60211200 700 702 0
490 4096 700 702 0
493 60211200 699 702 0
494 180633600 81 698 1 (83,697,160642)
495 180633600 698 730 1 (699,729,3643.45)
496 40140800 82 696 1 (84,695,160247)
498 73728 696 -1 0
499 180633600 697 699 0
500 40140800 83 694 1 (86,693,160104)
501 40140800 695 698 0
503 4096 694 -1 0
504 4096 83 -1 0
505 4096 83 -1 0
506 40140800 83 696 1 (84,694,160145)
507 4096 83 696 1 (84,694,160145)
508 4096 694 -1 0
509 4096 -1 -1 0
510 40140800 694 696 0
511 4096 694 696 0
514 40140800 693 696 0
515 40140800 692 725 1 (693,724,4326.18)
516 40140800 692 715 1 (693,714,3050.56)
517 60211200 692 700 1 (693,699,1245.72)
518 40140800 692 694 0
519 180633600 85 691 5 (87,89,310.546) (90,98,660.053) (99,670,151389) (671,685,1769.9) (686,690,2054.98)
520 56819712 86 689 1 (88,688,157609)
522 3981312 689 -1 0
523 180633600 690 693 0
524 56819712 87 687 2 (89,99,1290.23) (100,686,155616)
525 56819712 688 691 0
527 4096 687 -1 0
528 4096 87 -1 0
529 4096 87 -1 0
530 56819712 87 689 1 (88,687,157062)
531 4096 87 689 1 (88,687,157062)
532 4096 687 -1 0
533 4096 -1 -1 0
534 56819712 687 689 0
535 4096 687 689 0
538 56819712 686 689 0
539 40140800 89 684 1 (91,683,156271)
541 73728 684 -1 0
542 180633600 685 692 1 (686,691,2341.23)
543 40140800 90 682 1 (93,680,155913)
544 40140800 683 686 0
546 4096 682 -1 0
547 4096 90 -1 0
548 4096 90 -1 0
549 40140800 90 684 1 (91,682,156177)
550 4096 90 684 1 (91,682,156177)
551 4096 682 -1 0
552 4096 -1 -1 0
553 40140800 682 684 0
554 4096 682 684 0
557 40140800 681 684 0
558 60211200 92 679 1 (94,678,155520)
560 221184 679 -1 0
561 40140800 680 682 0
562 60211200 93 677 1 (96,675,154975)
563 60211200 678 681 0
565 4096 677 -1 0
566 4096 93 -1 0
567 4096 93 -1 0
568 60211200 93 679 1 (94,677,155363)
569 4096 93 679 1 (94,677,155363)
570 4096 677 -1 0
571 4096 -1 -1 0
572 60211200 677 679 0
573 4096 677 679 0
576 60211200 676 679 0
577 14204928 95 674 1 (97,673,154473)
579 331776 674 -1 0
580 60211200 675 677 0
581 14204928 96 672 2 (98,99,525.691) (100,671,153749)
582 14204928 673 676 0
584 4096 672 -1 0
585 4096 96 -1 0
586 4096 96 -1 0
587 14204928 96 674 1 (97,672,154314)
588 4096 96 674 1 (97,672,154314)
589 4096 672 -1 0
590 4096 -1 -1 0
591 14204928 672 674 0
592 4096 672 674 0
595 14204928 671 674 0
596 42614784 98 100 0
597 180633600 670 692 1 (671,691,4209.1)
598 56819712 669 687 1 (670,686,4240.36)
599 14204928 669 672 1 (670,671,2372.49)
600 42614784 669 671 0
601 113639424 99 668 6 (101,103,521.33) (104,112,1241.23) (113,127,2101.53) (128,647,142546) (648,662,2044.26) (663,667,923.321)
602 28409856 100 666 1 (102,665,149627)
604 589824 666 -1 0
605 113639424 667 670 0
606 28409856 101 664 2 (103,131,4972.45) (132,663,144438)
607 28409856 665 668 0
609 4096 664 -1 0
610 4096 101 -1 0
611 4096 101 -1 0
612 28409856 101 666 1 (102,664,149471)
613 4096 101 666 1 (102,664,149471)
614 4096 664 -1 0
615 4096 -1 -1 0
616 28409856 664 666 0
617 4096 664 666 0
620 28409856 663 666 0
621 18939904 103 661 1 (105,660,148369)
623 393216 661 -1 0
624 113639424 662 669 1 (663,668,1089.46)
625 18939904 104 659 1 (107,657,147801)
626 18939904 660 663 0
628 4096 659 -1 0
629 4096 104 -1 0
630 4096 104 -1 0
631 18939904 104 661 1 (105,659,148233)
632 4096 104 661 1 (105,659,148233)
633 4096 659 -1 0
634 4096 -1 -1 0
635 18939904 659 661 0
636 4096 659 661 0
639 18939904 658 661 0
640 18939904 106 656 1 (108,655,147002)
642 458752 656 -1 0
643 18939904 657 659 0
644 18939904 107 654 1 (110,652,146368)
645 18939904 655 658 0
647 4096 654 -1 0
648 4096 107 -1 0
649 4096 107 -1 0
650 18939904 107 656 1 (108,654,146865)
651 4096 107 656 1 (108,654,146865)
652 4096 654 -1 0
653 4096 -1 -1 0
654 18939904 654 656 0
655 4096 654 656 0
658 18939904 653 656 0
659 28409856 109 651 1 (111,650,145805)
661 688128 651 -1 0
662 18939904 652 654 0
663 28409856 110 649 2 (112,131,3347.77) (132,648,142231)
664 28409856 650 653 0
666 4096 649 -1 0
667 4096 110 -1 0
668 4096 110 -1 0
669 28409856 110 651 1 (111,649,145644)
670 4096 110 651 1 (111,649,145644)
671 4096 649 -1 0
672 4096 -1 -1 0
673 28409856 649 651 0
674 4096 649 651 0
677 28409856 648 651 0
678 18939904 112 646 1 (114,645,144584)
680 393216 646 -1 0
681 113639424 647 669 1 (648,668,3296.49)
682 18939904 113 644 1 (116,642,144050)
683 18939904 645 648 0
685 4096 644 -1 0
686 4096 113 -1 0
687 4096 113 -1 0
688 18939904 113 646 1 (114,644,144367)
689 4096 113 646 1 (114,644,144367)
690 4096 644 -1 0
691 4096 -1 -1 0
692 18939904 644 646 0
693 4096 644 646 0
696 18939904 643 646 0
697 18939904 115 641 1 (117,640,143620)
699 458752 641 -1 0
700 18939904 642 644 0
701 18939904 116 639 1 (119,637,143046)
702 18939904 640 643 0
704 4096 639 -1 0
705 4096 116 -1 0
706 4096 116 -1 0
707 18939904 116 641 1 (117,639,143388)
708 4096 116 641 1 (117,639,143388)
709 4096 639 -1 0
710 4096 -1 -1 0
711 18939904 639 641 0
712 4096 639 641 0
715 18939904 638 641 0
716 18939904 118 636 1 (120,635,142425)
718 458752 636 -1 0
719 18939904 637 639 0
720 18939904 119 634 1 (122,632,142045)
721 18939904 635 638 0
723 4096 634 -1 0
724 4096 119 -1 0
725 4096 119 -1 0
726 18939904 119 636 1 (120,634,142283)
727 4096 119 636 1 (120,634,142283)
728 4096 634 -1 0
729 4096 -1 -1 0
730 18939904 634 636 0
731 4096 634 636 0
734 18939904 633 636 0
735 18939904 121 631 1 (123,630,141505)
737 458752 631 -1 0
738 18939904 632 634 0
739 18939904 122 629 1 (125,627,140585)
740 18939904 630 633 0
742 4096 629 -1 0
743 4096 122 -1 0
744 4096 122 -1 0
745 18939904 122 631 1 (123,629,141370)
746 4096 122 631 1 (123,629,141370)
747 4096 629 -1 0
748 4096 -1 -1 0
749 18939904 629 631 0
750 4096 629 631 0
753 18939904 628 631 0
754 28409856 124 626 1 (126,625,139688)
756 688128 626 -1 0
757 18939904 627 629 0
758 28409856 125 624 2 (127,131,950.939) (132,623,138510)
759 28409856 625 628 0
761 4096 624 -1 0
762 4096 125 -1 0
763 4096 125 -1 0
764 28409856 125 626 1 (126,624,139506)
765 4096 125 626 1 (126,624,139506)
766 4096 624 -1 0
767 4096 -1 -1 0
768 28409856 624 626 0
769 4096 624 626 0
772 28409856 623 626 0
773 113639424 127 622 1 (129,621,137567)
774 113639424 622 669 1 (623,668,7017.32)
775 28409856 128 620 1 (130,619,136900)
777 589824 620 -1 0
778 113639424 621 623 0
779 28409856 129 618 1 (132,617,136703)
780 28409856 619 622 0
782 4096 618 -1 0
783 4096 129 -1 0
784 4096 129 -1 0
785 28409856 129 620 1 (130,618,136737)
786 4096 129 620 1 (130,618,136737)
787 4096 618 -1 0
788 4096 -1 -1 0
789 28409856 618 620 0
790 4096 618 620 0
793 28409856 617 620 0
794 28409856 616 664 1 (617,663,7734.59)
795 28409856 616 649 1 (617,648,5527.57)
796 28409856 616 624 1 (617,623,1806.74)
797 28409856 616 618 0
798 113639424 131 615 6 (133,135,266.205) (136,144,1202.4) (145,159,2334.94) (160,594,127628) (595,609,2409.89) (610,614,1085.66)
799 28409856 132 613 1 (134,612,135052)
801 589824 613 -1 0
802 113639424 614 617 0
803 28409856 133 611 2 (135,163,5082.63) (164,610,129744)
804 28409856 612 615 0
806 4096 611 -1 0
807 4096 133 -1 0
808 4096 133 -1 0
809 28409856 133 613 1 (134,611,134898)
810 4096 133 613 1 (134,611,134898)
811 4096 611 -1 0
812 4096 -1 -1 0
813 28409856 611 613 0
814 4096 611 613 0
817 28409856 610 613 0
818 23674880 135 608 1 (137,607,133978)
820 491520 608 -1 0
821 113639424 609 616 1 (610,615,1178.5)
822 23674880 136 606 1 (139,604,133201)
823 23674880 607 610 0
825 4096 606 -1 0
826 4096 136 -1 0
827 4096 136 -1 0
828 23674880 136 608 1 (137,606,133688)
829 4096 136 608 1 (137,606,133688)
830 4096 606 -1 0
831 4096 -1 -1 0
832 23674880 606 608 0
833 4096 606 608 0
836 23674880 605 608 0
837 23674880 138 603 1 (140,602,132567)
839 716800 603 -1 0
840 23674880 604 606 0
841 23674880 139 601 1 (142,599,131949)
842 23674880 602 605 0
844 4096 601 -1 0
845 4096 139 -1 0
846 4096 139 -1 0
847 23674880 139 603 1 (140,601,132290)
848 4096 139 603 1 (140,601,132290)
849 4096 601 -1 0
850 4096 -1 -1 0
851 23674880 601 603 0
852 4096 601 603 0
855 23674880 600 603 0
856 28409856 141 598 1 (143,597,131164)
858 860160 598 -1 0
859 23674880 599 601 0
860 28409856 142 596 2 (144,163,3698.43) (164,595,127233)
861 28409856 597 600 0
863 4096 596 -1 0
864 4096 142 -1 0
865 4096 142 -1 0
866 28409856 142 598 1 (143,596,131002)
867 4096 142 598 1 (143,596,131002)
868 4096 596 -1 0
869 4096 -1 -1 0
870 28409856 596 598 0
871 4096 596 598 0
874 28409856 595 598 0
875 23674880 144 593 1 (146,592,129740)
877 491520 593 -1 0
878 113639424 594 616 1 (595,615,3690.29)
879 23674880 145 591 1 (148,589,129230)
880 23674880 592 595 0
882 4096 591 -1 0
883 4096 145 -1 0
884 4096 145 -1 0
885 23674880 145 593 1 (146,591,129578)
886 4096 145 593 1 (146,591,129578)
887 4096 591 -1 0
888 4096 -1 -1 0
889 23674880 591 593 0
890 4096 591 593 0
893 23674880 590 593 0
894 23674880 147 588 1 (149,587,128391)
896 716800 588 -1 0
897 23674880 589 591 0
898 23674880 148 586 1 (151,584,127951)
899 23674880 587 590 0
901 4096 586 -1 0
902 4096 148 -1 0
903 4096 148 -1 0
904 23674880 148 588 1 (149,586,128210)
905 4096 148 588 1 (149,586,128210)
906 4096 586 -1 0
907 4096 -1 -1 0
908 23674880 586 588 0
909 4096 586 588 0
912 23674880 585 588 0
913 23674880 150 583 1 (152,582,127219)
915 716800 583 -1 0
916 23674880 584 586 0
917 23674880 151 581 1 (154,579,126607)
918 23674880 582 585 0
920 4096 581 -1 0
921 4096 151 -1 0
922 4096 151 -1 0
923 23674880 151 583 1 (152,581,127071)
924 4096 151 583 1 (152,581,127071)
925 4096 581 -1 0
926 4096 -1 -1 0
927 23674880 581 583 0
928 4096 581 583 0
931 23674880 580 583 0
932 23674880 153 578 1 (155,577,125698)
934 716800 578 -1 0
935 23674880 579 581 0
936 23674880 154 576 1 (157,574,125201)
937 23674880 577 580 0
939 4096 576 -1 0
940 4096 154 -1 0
941 4096 154 -1 0
942 23674880 154 578 1 (155,576,125540)
943 4096 154 578 1 (155,576,125540)
944 4096 576 -1 0
945 4096 -1 -1 0
946 23674880 576 578 0
947 4096 576 578 0
950 23674880 575 578 0
951 28409856 156 573 1 (158,572,124420)
953 860160 573 -1 0
954 23674880 574 576 0
955 28409856 157 571 2 (159,163,1197.08) (164,570,122974)
956 28409856 572 575 0
958 4096 571 -1 0
959 4096 157 -1 0
960 4096 157 -1 0
961 28409856 157 573 1 (158,571,124246)
962 4096 157 573 1 (158,571,124246)
963 4096 571 -1 0
964 4096 -1 -1 0
965 28409856 571 573 0
966 4096 571 573 0
969 28409856 570 573 0
970 113639424 159 569 1 (161,568,121199)
971 113639424 569 616 1 (570,615,7948.59)
972 28409856 160 567 1 (162,566,120433)
974 589824 567 -1 0
975 113639424 568 570 0
976 28409856 161 565 1 (164,564,120212)
977 28409856 566 569 0
979 4096 565 -1 0
980 4096 161 -1 0
981 4096 161 -1 0
982 28409856 161 567 1 (162,565,120261)
983 4096 161 567 1 (162,565,120261)
984 4096 565 -1 0
985 4096 -1 -1 0
986 28409856 565 567 0
987 4096 565 567 0
990 28409856 564 567 0
991 28409856 563 611 1 (564,610,9532.6)
992 28409856 563 596 1 (564,595,7020.82)
993 28409856 563 571 1 (564,570,2762.52)
994 28409856 563 565 0
995 113639424 163 562 6 (165,167,328.786) (168,176,1020.38) (177,191,2519.51) (192,541,111151) (542,556,2702.08) (557,561,810.777)
996 28409856 164 560 1 (166,559,119045)
998 589824 560 -1 0
999 113639424 561 564 0
1000 28409856 165 558 2 (167,195,5021.3) (196,557,113656)
1001 28409856 559 562 0
1003 4096 558 -1 0
1004 4096 165 -1 0
1005 4096 165 -1 0
1006 28409856 165 560 1 (166,558,118770)
1007 4096 165 560 1 (166,558,118770)
1008 4096 558 -1 0
1009 4096 -1 -1 0
1010 28409856 558 560 0
1011 4096 558 560 0
1014 28409856 557 560 0
1015 23674880 167 555 1 (169,554,117547)
1017 491520 555 -1 0
1018 113639424 556 563 1 (557,562,968.96)
1019 23674880 168 553 1 (171,551,117027)
1020 23674880 554 557 0
1022 4096 553 -1 0
1023 4096 168 -1 0
1024 4096 168 -1 0
1025 23674880 168 555 1 (169,553,117296)
1026 4096 168 555 1 (169,553,117296)
1027 4096 553 -1 0
1028 4096 -1 -1 0
1029 23674880 553 555 0
1030 4096 553 555 0
1033 23674880 552 555 0
1034 23674880 170 550 1 (172,549,116403)
1036 716800 550 -1 0
1037 23674880 551 553 0
1038 23674880 171 548 1 (174,546,115765)
1039 23674880 549 552 0
1041 4096 548 -1 0
1042 4096 171 -1 0
1043 4096 171 -1 0
1044 23674880 171 550 1 (172,548,116146)
1045 4096 171 550 1 (172,548,116146)
1046 4096 548 -1 0
1047 4096 -1 -1 0
1048 23674880 548 550 0
1049 4096 548 550 0
1052 23674880 547 550 0
1053 28409856 173 545 1 (175,544,115082)
1055 860160 545 -1 0
1056 23674880 546 548 0
1057 28409856 174 543 2 (176,195,3757.67) (196,542,110842)
1058 28409856 544 547 0
1060 4096 543 -1 0
1061 4096 174 -1 0
1062 4096 174 -1 0
1063 28409856 174 545 1 (175,543,114712)
1064 4096 174 545 1 (175,543,114712)
1065 4096 543 -1 0
1066 4096 -1 -1 0
1067 28409856 543 545 0
1068 4096 543 545 0
1071 28409856 542 545 0
1072 23674880 176 540 1 (178,539,113567)
1074 491520 540 -1 0
1075 113639424 541 563 1 (542,562,3783.58)
1076 23674880 177 538 1 (180,536,113007)
1077 23674880 539 542 0
1079 4096 538 -1 0
1080 4096 177 -1 0
1081 4096 177 -1 0
1082 23674880 177 540 1 (178,538,113419)
1083 4096 177 540 1 (178,538,113419)
1084 4096 538 -1 0
1085 4096 -1 -1 0
1086 23674880 538 540 0
1087 4096 538 540 0
1090 23674880 537 540 0
1091 23674880 179 535 1 (181,534,112172)
1093 716800 535 -1 0
1094 23674880 536 538 0
1095 23674880 180 533 1 (183,531,111649)
1096 23674880 534 537 0
1098 4096 533 -1 0
1099 4096 180 -1 0
1100 4096 180 -1 0
1101 23674880 180 535 1 (181,533,112019)
1102 4096 180 535 1 (181,533,112019)
1103 4096 533 -1 0
1104 4096 -1 -1 0
1105 23674880 533 535 0
1106 4096 533 535 0
1109 23674880 532 535 0
1110 23674880 182 530 1 (184,529,110976)
1112 716800 530 -1 0
1113 23674880 531 533 0
1114 23674880 183 528 1 (186,526,110166)
1115 23674880 529 532 0
1117 4096 528 -1 0
1118 4096 183 -1 0
1119 4096 183 -1 0
1120 23674880 183 530 1 (184,528,110719)
1121 4096 183 530 1 (184,528,110719)
1122 4096 528 -1 0
1123 4096 -1 -1 0
1124 23674880 528 530 0
1125 4096 528 530 0
1128 23674880 527 530 0
1129 23674880 185 525 1 (187,524,109319)
1131 716800 525 -1 0
1132 23674880 526 528 0
1133 23674880 186 523 1 (189,521,108751)
1134 23674880 524 527 0
1136 4096 523 -1 0
1137 4096 186 -1 0
1138 4096 186 -1 0
1139 23674880 186 525 1 (187,523,109170)
1140 4096 186 525 1 (187,523,109170)
1141 4096 523 -1 0
1142 4096 -1 -1 0
1143 23674880 523 525 0
1144 4096 523 525 0
1147 23674880 522 525 0
1148 28409856 188 520 1 (190,519,108023)
1150 860160 520 -1 0
1151 23674880 521 523 0
1152 28409856 189 518 2 (191,195,1063.22) (196,517,106679)
1153 28409856 519 522 0
1155 4096 518 -1 0
1156 4096 189 -1 0
1157 4096 189 -1 0
1158 28409856 189 520 1 (190,518,107802)
1159 4096 189 520 1 (190,518,107802)
1160 4096 518 -1 0
1161 4096 -1 -1 0
1162 28409856 518 520 0
1163 4096 518 520 0
1166 28409856 517 520 0
1167 113639424 191 516 1 (193,515,105100)
1168 113639424 516 563 1 (517,562,7946.4)
1169 28409856 192 514 1 (194,513,103885)
1171 589824 514 -1 0
1172 113639424 515 517 0
1173 28409856 193 512 1 (196,511,103559)
1174 28409856 513 516 0
1176 4096 512 -1 0
1177 4096 193 -1 0
1178 4096 193 -1 0
1179 28409856 193 514 1 (194,512,103615)
1180 4096 193 514 1 (194,512,103615)
1181 4096 512 -1 0
1182 4096 -1 -1 0
1183 28409856 512 514 0
1184 4096 512 514 0
1187 28409856 511 514 0
1188 28409856 510 558 1 (511,557,10096.9)
1189 28409856 510 543 1 (511,542,7282.26)
1190 28409856 510 518 1 (511,517,3119.44)
1191 28409856 510 512 0
1192 113639424 195 509 6 (197,199,299.126) (200,208,1608.11) (209,223,2504.59) (224,488,93238.8) (489,503,2950.04) (504,508,1043.8)
1193 28409856 196 507 1 (198,506,102033)
1195 589824 507 -1 0
1196 113639424 508 511 0
1197 28409856 197 505 2 (199,227,5718.41) (228,504,95889.7)
1198 28409856 506 509 0
1200 4096 505 -1 0
1201 4096 197 -1 0
1202 4096 197 -1 0
1203 28409856 197 507 1 (198,505,101729)
1204 4096 197 507 1 (198,505,101729)
1205 4096 505 -1 0
1206 4096 -1 -1 0
1207 28409856 505 507 0
1208 4096 505 507 0
1211 28409856 504 507 0
1212 28409856 199 502 1 (201,501,100473)
1214 589824 502 -1 0
1215 113639424 503 510 1 (504,509,1158.81)
1216 28409856 200 500 1 (203,498,99632.7)
1217 28409856 501 504 0
1219 4096 500 -1 0
1220 4096 200 -1 0
1221 4096 200 -1 0
1222 28409856 200 502 1 (201,500,100307)
1223 4096 200 502 1 (201,500,100307)
1224 4096 500 -1 0
1225 4096 -1 -1 0
1226 28409856 500 502 0
1227 4096 500 502 0
1230 28409856 499 502 0
1231 28409856 202 497 1 (204,496,98762.8)
1233 1032192 497 -1 0
1234 28409856 498 500 0
1235 28409856 203 495 1 (206,493,98224.9)
1236 28409856 496 499 0
1238 4096 495 -1 0
1239 4096 203 -1 0
1240 4096 203 -1 0
1241 28409856 203 497 1 (204,495,98598.7)
1242 4096 203 497 1 (204,495,98598.7)
1243 4096 495 -1 0
1244 4096 -1 -1 0
1245 28409856 495 497 0
1246 4096 495 497 0
1249 28409856 494 497 0
1250 28409856 205 492 1 (207,491,97031.3)
1252 1032192 492 -1 0
1253 28409856 493 495 0
1254 28409856 206 490 2 (208,227,3860.12) (228,489,92799.7)
1255 28409856 491 494 0
1257 4096 490 -1 0
1258 4096 206 -1 0
1259 4096 206 -1 0
1260 28409856 206 492 1 (207,490,96743.6)
1261 4096 206 492 1 (207,490,96743.6)
1262 4096 490 -1 0
1263 4096 -1 -1 0
1264 28409856 490 492 0
1265 4096 490 492 0
1268 28409856 489 492 0
1269 28409856 208 487 1 (210,486,95377.7)
1271 589824 487 -1 0
1272 113639424 488 510 1 (489,509,4248.79)
1273 28409856 209 485 1 (212,483,94837.8)
1274 28409856 486 489 0
1276 4096 485 -1 0
1277 4096 209 -1 0
1278 4096 209 -1 0
1279 28409856 209 487 1 (210,485,95210.4)
1280 4096 209 487 1 (210,485,95210.4)
1281 4096 485 -1 0
1282 4096 -1 -1 0
1283 28409856 485 487 0
1284 4096 485 487 0
1287 28409856 484 487 0
1288 28409856 211 482 1 (213,481,94007.3)
1290 1032192 482 -1 0
1291 28409856 483 485 0
1292 28409856 212 480 1 (215,478,93011.4)
1293 28409856 481 484 0
1295 4096 480 -1 0
1296 4096 212 -1 0
1297 4096 212 -1 0
1298 28409856 212 482 1 (213,480,93726.1)
1299 4096 212 482 1 (213,480,93726.1)
1300 4096 480 -1 0
1301 4096 -1 -1 0
1302 28409856 480 482 0
1303 4096 480 482 0
1306 28409856 479 482 0
1307 28409856 214 477 1 (216,476,92300.5)
1309 1032192 477 -1 0
1310 28409856 478 480 0
1311 28409856 215 475 1 (218,473,91676.5)
1312 28409856 476 479 0
1314 4096 475 -1 0
1315 4096 215 -1 0
1316 4096 215 -1 0
1317 28409856 215 477 1 (216,475,92049.6)
1318 4096 215 477 1 (216,475,92049.6)
1319 4096 475 -1 0
1320 4096 -1 -1 0
1321 28409856 475 477 0
1322 4096 475 477 0
1325 28409856 474 477 0
1326 28409856 217 472 1 (219,471,90872.8)
1328 1032192 472 -1 0
1329 28409856 473 475 0
1330 28409856 218 470 1 (221,468,89914.7)
1331 28409856 471 474 0
1333 4096 470 -1 0
1334 4096 218 -1 0
1335 4096 218 -1 0
1336 28409856 218 472 1 (219,470,90566.5)
1337 4096 218 472 1 (219,470,90566.5)
1338 4096 470 -1 0
1339 4096 -1 -1 0
1340 28409856 470 472 0
1341 4096 470 472 0
1344 28409856 469 472 0
1345 28409856 220 467 1 (222,466,89143.9)
1347 1032192 467 -1 0
1348 28409856 468 470 0
1349 28409856 221 465 2 (223,227,1060.8) (228,464,87727.7)
1350 28409856 466 469 0
1352 4096 465 -1 0
1353 4096 221 -1 0
1354 4096 221 -1 0
1355 28409856 221 467 1 (222,465,88858.5)
1356 4096 221 467 1 (222,465,88858.5)
1357 4096 465 -1 0
1358 4096 -1 -1 0
1359 28409856 465 467 0
1360 4096 465 467 0
1363 28409856 464 467 0
1364 113639424 223 463 1 (225,462,86951.4)
1365 113639424 463 510 1 (464,509,9320.74)
1366 28409856 224 461 1 (226,460,86018.4)
1368 589824 461 -1 0
1369 113639424 462 464 0
1370 28409856 225 459 1 (228,458,85649.8)
1371 28409856 460 463 0
1373 4096 459 -1 0
1374 4096 225 -1 0
1375 4096 225 -1 0
1376 28409856 225 461 1 (226,459,85708.5)
1377 4096 225 461 1 (226,459,85708.5)
1378 4096 459 -1 0
1379 4096 -1 -1 0
1380 28409856 459 461 0
1381 4096 459 461 0
1384 28409856 458 461 0
1385 28409856 457 505 1 (458,504,10239.8)
1386 28409856 457 490 1 (458,489,7149.86)
1387 28409856 457 465 1 (458,464,2077.9)
1388 28409856 457 459 0
1389 113639424 227 456 5 (229,234,715.954) (235,246,1795.24) (247,425,74067.6) (426,445,3681.61) (446,455,1628.01)
1390 28409856 228 454 1 (230,453,84460.1)
1392 589824 454 -1 0
1393 113639424 455 458 0
1394 28409856 229 452 1 (232,450,83727.8)
1395 28409856 453 456 0
1397 4096 452 -1 0
1398 4096 229 -1 0
1399 4096 229 -1 0
1400 28409856 229 454 1 (230,452,84296.6)
1401 4096 229 454 1 (230,452,84296.6)
1402 4096 452 -1 0
1403 4096 -1 -1 0
1404 28409856 452 454 0
1405 4096 452 454 0
1408 28409856 451 454 0
1409 10485760 231 449 1 (233,448,83093.7)
1411 2211840 449 -1 0
1412 28409856 450 452 0
1413 10485760 232 447 2 (234,247,3205.03) (248,446,79700.5)
1414 10485760 448 451 0
1416 4096 447 -1 0
1417 4096 232 -1 0
1418 4096 232 -1 0
1419 10485760 232 449 1 (233,447,82952.7)
1420 4096 232 449 1 (233,447,82952.7)
1421 4096 447 -1 0
1422 4096 -1 -1 0
1423 10485760 447 449 0
1424 4096 447 449 0
1427 10485760 446 449 0
1428 28409856 234 444 1 (236,443,81560.4)
1430 589824 444 -1 0
1431 113639424 445 457 1 (446,456,1793.42)
1432 28409856 235 442 1 (238,440,80761.5)
1433 28409856 443 446 0
1435 4096 442 -1 0
1436 4096 235 -1 0
1437 4096 235 -1 0
1438 28409856 235 444 1 (236,442,81286.7)
1439 4096 235 444 1 (236,442,81286.7)
1440 4096 442 -1 0
1441 4096 -1 -1 0
1442 28409856 442 444 0
1443 4096 442 444 0
1446 28409856 441 444 0
1447 28409856 237 439 1 (239,438,79905.1)
1449 1032192 439 -1 0
1450 28409856 440 442 0
1451 28409856 238 437 1 (241,435,79221.9)
1452 28409856 438 441 0
1454 4096 437 -1 0
1455 4096 238 -1 0
1456 4096 238 -1 0
1457 28409856 238 439 1 (239,437,79644.5)
1458 4096 238 439 1 (239,437,79644.5)
1459 4096 437 -1 0
1460 4096 -1 -1 0
1461 28409856 437 439 0
1462 4096 437 439 0
1465 28409856 436 439 0
1466 28409856 240 434 1 (242,433,78400.5)
1468 1032192 434 -1 0
1469 28409856 435 437 0
1470 28409856 241 432 1 (244,430,77577.4)
1471 28409856 433 436 0
1473 4096 432 -1 0
1474 4096 241 -1 0
1475 4096 241 -1 0
1476 28409856 241 434 1 (242,432,78218)
1477 4096 241 434 1 (242,432,78218)
1478 4096 432 -1 0
1479 4096 -1 -1 0
1480 28409856 432 434 0
1481 4096 432 434 0
1484 28409856 431 434 0
1485 6291456 243 429 1 (245,428,77080.7)
1487 1327104 429 -1 0
1488 28409856 430 432 0
1489 6291456 244 427 2 (246,247,1038.32) (248,426,75867.2)
1490 6291456 428 431 0
1492 4096 427 -1 0
1493 4096 244 -1 0
1494 4096 244 -1 0
1495 6291456 244 429 1 (245,427,76929.6)
1496 4096 244 429 1 (245,427,76929.6)
1497 4096 427 -1 0
1498 4096 -1 -1 0
1499 6291456 427 429 0
1500 4096 427 429 0
1503 6291456 426 429 0
1504 25165824 246 248 0
1505 113639424 425 457 1 (426,456,5626.77)
1506 10485760 424 447 1 (425,446,5639.91)
1507 6291456 424 427 1 (425,426,1806.56)
1508 25165824 424 426 0
1509 41943040 247 423 6 (249,251,157.802) (252,261,1462.49) (262,274,2009.24) (275,400,63751.5) (401,417,3479.17) (418,422,954.699)
1510 10485760 248 421 1 (250,420,72764.5)
1512 1638400 421 -1 0
1513 41943040 422 425 0
1514 10485760 249 419 2 (251,278,5223.27) (279,418,67358)
1515 10485760 420 423 0
1517 4096 419 -1 0
1518 4096 249 -1 0
1519 4096 249 -1 0
1520 10485760 249 421 1 (250,419,72618.4)
1521 4096 249 421 1 (250,419,72618.4)
1522 4096 419 -1 0
1523 4096 -1 -1 0
1524 10485760 419 421 0
1525 4096 419 421 0
1528 10485760 418 421 0
1529 12582912 251 416 1 (253,415,71051.6)
1531 1966080 416 -1 0
1532 41943040 417 424 1 (418,423,1092.64)
1533 12582912 252 414 4 (255,257,220.664) (258,406,67905.4) (407,411,1186.34) (412,413,7.301)
1534 12582912 415 418 0
1536 4096 414 -1 0
1537 4096 252 -1 0
1538 4096 252 -1 0
1539 12582912 252 416 1 (253,414,70896.7)
1540 4096 252 416 1 (253,414,70896.7)
1541 4096 414 -1 0
1542 4096 -1 -1 0
1543 12582912 414 416 0
1544 4096 414 416 0
1547 12582912 413 416 0
1548 12582912 254 410 1 (256,409,68780.9)
1550 1769472 410 -1 0
1551 12582912 411 414 0
1552 12582912 255 408 2 (257,260,394.047) (261,407,68078.9)
1553 12582912 409 412 0
1555 4096 408 -1 0
1556 4096 255 -1 0
1557 4096 255 -1 0
1558 12582912 255 410 1 (256,408,68498.4)
1559 4096 255 410 1 (256,408,68498.4)
1560 4096 408 -1 0
1561 4096 -1 -1 0
1562 12582912 408 410 0
1563 4096 408 410 0
1566 12582912 407 410 0
1567 12582912 257 405 1 (259,404,67345.1)
1569 1769472 405 -1 0
1570 12582912 406 413 1 (407,412,1465.87)
1571 12582912 258 403 1 (261,402,67016.7)
1572 12582912 404 407 0
1574 4096 403 -1 0
1575 4096 258 -1 0
1576 4096 258 -1 0
1577 12582912 258 405 1 (259,403,67046.5)
1578 4096 258 405 1 (259,403,67046.5)
1579 4096 403 -1 0
1580 4096 -1 -1 0
1581 12582912 403 405 0
1582 4096 403 405 0
1585 12582912 402 405 0
1586 12582912 401 408 1 (402,407,1062.18)
1587 12582912 401 403 0
1588 25165824 260 279 1 (261,278,3268.69)
1589 14680064 261 399 1 (263,398,65672.6)
1591 2293760 399 -1 0
1592 41943040 400 424 1 (401,423,4718.8)
1593 14680064 262 397 1 (265,395,52806.5)
1594 14680064 398 401 0
1596 4096 397 -1 0
1597 4096 262 -1 0
1598 4096 262 -1 0
1599 14680064 262 399 1 (263,397,65493.7)
1600 4096 262 399 1 (263,397,65493.7)
1601 4096 397 -1 0
1602 4096 -1 -1 0
1603 14680064 397 399 0
1604 4096 397 399 0
1607 14680064 396 399 0
1608 12582912 264 394 1 (266,393,51444)
1610 6193152 394 -1 0
1611 14680064 395 397 0
1612 12582912 265 392 4 (268,270,137.464) (271,384,49435.1) (385,389,715.093) (390,391,7.181)
1613 12582912 393 396 0
1615 4096 392 -1 0
1616 4096 265 -1 0
1617 4096 265 -1 0
1618 12582912 265 394 1 (266,392,51162)
1619 4096 265 394 1 (266,392,51162)
1620 4096 392 -1 0
1621 4096 -1 -1 0
1622 12582912 392 394 0
1623 4096 392 394 0
1626 12582912 391 394 0
1627 12582912 267 388 1 (269,387,50163.6)
1629 1769472 388 -1 0
1630 12582912 389 392 0
1631 12582912 268 386 2 (270,273,549.272) (274,385,49309.2)
1632 12582912 387 390 0
1634 4096 386 -1 0
1635 4096 268 -1 0
1636 4096 268 -1 0
1637 12582912 268 388 1 (269,386,49883.4)
1638 4096 268 388 1 (269,386,49883.4)
1639 4096 386 -1 0
1640 4096 -1 -1 0
1641 12582912 386 388 0
1642 4096 386 388 0
1645 12582912 385 388 0
1646 12582912 270 383 1 (272,382,48726.3)
1648 1769472 383 -1 0
1649 12582912 384 391 1 (385,390,890.557)
1650 12582912 271 381 1 (274,380,48426)
1651 12582912 382 385 0
1653 4096 381 -1 0
1654 4096 271 -1 0
1655 4096 271 -1 0
1656 12582912 271 383 1 (272,381,48444.4)
1657 4096 271 383 1 (272,381,48444.4)
1658 4096 381 -1 0
1659 4096 -1 -1 0
1660 12582912 381 383 0
1661 4096 381 383 0
1664 12582912 380 383 0
1665 12582912 379 386 1 (380,385,883.177)
1666 12582912 379 381 0
1667 25165824 273 279 1 (274,278,988.96)
1668 41943040 274 378 1 (276,377,46280.1)
1669 41943040 378 424 1 (379,423,21028.4)
1670 6291456 275 376 1 (277,375,45952.9)
1672 983040 376 -1 0
1673 41943040 377 379 0
1674 6291456 276 374 1 (279,373,45777.4)
1675 6291456 375 378 0
1677 4096 374 -1 0
1678 4096 276 -1 0
1679 4096 276 -1 0
1680 6291456 276 376 1 (277,374,45801.5)
1681 4096 276 376 1 (277,374,45801.5)
1682 4096 374 -1 0
1683 4096 -1 -1 0
1684 6291456 374 376 0
1685 4096 374 376 0
1688 6291456 373 376 0
1689 10485760 372 419 1 (373,418,21580.5)
1690 25165824 372 402 1 (373,401,17954.4)
1691 25165824 372 380 1 (373,379,1644.71)
1692 6291456 372 374 0
1693 67108864 278 371 6 (280,282,313.687) (283,292,1514.37) (293,305,2259.58) (306,348,33711.4) (349,365,3724.81) (366,370,1052)
1694 10485760 279 369 1 (281,368,44376.7)
1696 2621440 369 -1 0
1697 67108864 370 373 0
1698 10485760 280 367 2 (282,309,6418.28) (310,366,37396.7)
1699 10485760 368 371 0
1701 4096 367 -1 0
1702 4096 280 -1 0
1703 4096 280 -1 0
1704 10485760 280 369 1 (281,367,43866.4)
1705 4096 280 369 1 (281,367,43866.4)
1706 4096 367 -1 0
1707 4096 -1 -1 0
1708 10485760 367 369 0
1709 4096 367 369 0
1712 10485760 366 369 0
1713 12582912 282 364 1 (284,363,42162.3)
1715 3145728 364 -1 0
1716 67108864 365 372 1 (366,371,1273.79)
1717 12582912 283 362 4 (286,288,271.984) (289,354,39223.4) (355,359,1050.02) (360,361,8.92)
1718 12582912 363 366 0
1720 4096 362 -1 0
1721 4096 283 -1 0
1722 4096 283 -1 0
1723 12582912 283 364 1 (284,362,41620.9)
1724 4096 283 364 1 (284,362,41620.9)
1725 4096 362 -1 0
1726 4096 -1 -1 0
1727 12582912 362 364 0
1728 4096 362 364 0
1731 12582912 361 364 0
1732 12582912 285 358 1 (287,357,40239.3)
1734 1769472 358 -1 0
1735 12582912 359 362 0
1736 12582912 286 356 2 (288,291,468.93) (292,355,39040)
1737 12582912 357 360 0
1739 4096 356 -1 0
1740 4096 286 -1 0
1741 4096 286 -1 0
1742 12582912 286 358 1 (287,356,39696.8)
1743 4096 286 358 1 (287,356,39696.8)
1744 4096 356 -1 0
1745 4096 -1 -1 0
1746 12582912 356 358 0
1747 4096 356 358 0
1750 12582912 355 358 0
1751 12582912 288 353 1 (290,352,38501.8)
1753 1769472 353 -1 0
1754 12582912 354 361 1 (355,360,1268.76)
1755 12582912 289 351 1 (292,350,37754.9)
1756 12582912 352 355 0
1758 4096 351 -1 0
1759 4096 289 -1 0
1760 4096 289 -1 0
1761 12582912 289 353 1 (290,351,37956.7)
1762 4096 289 353 1 (290,351,37956.7)
1763 4096 351 -1 0
1764 4096 -1 -1 0
1765 12582912 351 353 0
1766 4096 351 353 0
1769 12582912 350 353 0
1770 12582912 349 356 1 (350,355,1285.08)
1771 12582912 349 351 0
1772 25165824 291 310 1 (292,309,4272.4)
1773 14680064 292 347 1 (294,346,31485.4)
1775 3670016 347 -1 0
1776 67108864 348 372 1 (349,371,5204.48)
1777 14680064 293 345 1 (296,343,29808.7)
1778 14680064 346 349 0
1780 4096 345 -1 0
1781 4096 293 -1 0
1782 4096 293 -1 0
1783 14680064 293 347 1 (294,345,31158)
1784 4096 293 347 1 (294,345,31158)
1785 4096 345 -1 0
1786 4096 -1 -1 0
1787 14680064 345 347 0
1788 4096 345 347 0
1791 14680064 344 347 0
1792 12582912 295 342 1 (297,341,27558.3)
1794 6193152 342 -1 0
1795 14680064 343 345 0
1796 12582912 296 340 4 (299,301,134.961) (302,332,25324) (333,337,817.035) (338,339,16.8)
1797 12582912 341 344 0
1799 4096 340 -1 0
1800 4096 296 -1 0
1801 4096 296 -1 0
1802 12582912 296 342 1 (297,340,27407.8)
1803 4096 296 342 1 (297,340,27407.8)
1804 4096 340 -1 0
1805 4096 -1 -1 0
1806 12582912 340 342 0
1807 4096 340 342 0
1810 12582912 339 342 0
1811 12582912 298 336 1 (300,335,26326.1)
1813 1769472 336 -1 0
1814 12582912 337 340 0
1815 12582912 299 334 2 (301,304,638.512) (305,333,25278.1)
1816 12582912 335 338 0
1818 4096 334 -1 0
1819 4096 299 -1 0
1820 4096 299 -1 0
1821 12582912 299 336 1 (300,334,26038.6)
1822 4096 299 336 1 (300,334,26038.6)
1823 4096 334 -1 0
1824 4096 -1 -1 0
1825 12582912 334 336 0
1826 4096 334 336 0
1829 12582912 333 336 0
1830 12582912 301 331 1 (303,330,24673.5)
1832 1769472 331 -1 0
1833 12582912 332 339 1 (333,338,1013.86)
1834 12582912 302 329 1 (305,328,24270.6)
1835 12582912 330 333 0
1837 4096 329 -1 0
1838 4096 302 -1 0
1839 4096 302 -1 0
1840 12582912 302 331 1 (303,329,24384.7)
1841 4096 302 331 1 (303,329,24384.7)
1842 4096 329 -1 0
1843 4096 -1 -1 0
1844 12582912 329 331 0
1845 4096 329 331 0
1848 12582912 328 331 0
1849 12582912 327 334 1 (328,333,1007.54)
1850 12582912 327 329 0
1851 25165824 304 310 1 (305,309,1652.67)
1852 67108864 305 326 1 (307,325,19720.6)
1853 67108864 326 372 1 (327,371,16070.9)
1854 6291456 306 324 1 (308,323,18820.1)
1856 1572864 324 -1 0
1857 67108864 325 327 0
1858 6291456 307 322 1 (310,321,18701.8)
1859 6291456 323 326 0
1861 4096 322 -1 0
1862 4096 307 -1 0
1863 4096 307 -1 0
1864 6291456 307 324 1 (308,322,18727.2)
1865 4096 307 324 1 (308,322,18727.2)
1866 4096 322 -1 0
1867 4096 -1 -1 0
1868 6291456 322 324 0
1869 4096 322 324 0
1872 6291456 321 324 0
1873 10485760 320 367 1 (321,366,18694.9)
1874 25165824 320 350 1 (321,349,14764.2)
1875 25165824 320 328 1 (321,327,3897.76)
1876 6291456 320 322 0
1877 67108864 309 311 0
1878 1048576 310 312 0
1879 67108864 318 321 0
1880 1048576 311 318 1 (312,317,18128.5)
1881 1048576 311 315 1 (313,314,7195.98)
1882 1048576 317 320 0
1884 512000 312 314 0
1885 1048576 315 318 1 (316,317,4731.6)
1886 8192000 314 -1 0
1888 4096 316 -1 0
1889 512000 313 317 0
